Time RMSD
0	0
0.500500500500501	1.581733
1.001001001001	1.835467
1.5015015015015	2.137033
2.002002002002	2.123233
2.5025025025025	1.988
3.003003003003	2.111
3.5035035035035	2.185867
4.004004004004	2.1239
4.50450450450451	2.237067
5.00500500500501	2.395767
5.50550550550551	2.350067
6.00600600600601	2.358167
6.50650650650651	2.332133
7.00700700700701	2.2951
7.50750750750751	2.2527
8.00800800800801	2.328333
8.50850850850851	2.507633
9.00900900900901	2.311567
9.50950950950951	2.480967
10.01001001001	2.357433
10.5105105105105	2.3658
11.011011011011	2.4345
11.5115115115115	2.4469
12.012012012012	2.3194
12.5125125125125	2.4468
13.013013013013	2.368
13.5135135135135	2.372133
14.014014014014	2.369133
14.5145145145145	2.353167
15.015015015015	2.386733
15.5155155155155	2.421067
16.016016016016	2.273733
16.5165165165165	2.382267
17.017017017017	2.454
17.5175175175175	2.302267
18.018018018018	2.317267
18.5185185185185	2.586233
19.019019019019	2.4387
19.5195195195195	2.504967
20.02002002002	2.453
20.5205205205205	2.5748
21.021021021021	2.510867
21.5215215215215	2.671267
22.022022022022	2.6323
22.5225225225225	2.748067
23.023023023023	2.3978
23.5235235235235	2.4765
24.024024024024	2.569667
24.5245245245245	2.407633
25.025025025025	2.4577
25.5255255255255	2.425267
26.026026026026	2.5332
26.5265265265265	2.320633
27.027027027027	2.367933
27.5275275275275	2.366267
28.028028028028	2.3059
28.5285285285285	2.377033
29.029029029029	2.562867
29.5295295295295	2.257633
30.03003003003	2.3598
30.5305305305305	2.357
31.031031031031	2.430533
31.5315315315315	2.384667
32.032032032032	2.341167
32.5325325325325	2.502533
33.033033033033	2.574067
33.5335335335335	2.511067
34.034034034034	2.689167
34.5345345345345	2.601133
35.035035035035	2.6821
35.5355355355355	2.7383
36.036036036036	2.663767
36.5365365365365	2.614167
37.037037037037	2.740733
37.5375375375375	2.6245
38.038038038038	2.686733
38.5385385385385	2.516067
39.039039039039	2.582133
39.5395395395395	2.502167
40.04004004004	2.5834
40.5405405405405	2.646
41.041041041041	2.742433
41.5415415415415	2.7848
42.042042042042	2.6233
42.5425425425425	2.717533
43.043043043043	2.676933
43.5435435435435	2.6692
44.044044044044	2.8446
44.5445445445445	2.729533
45.045045045045	2.9315
45.5455455455455	2.974267
46.046046046046	2.8431
46.5465465465465	2.7945
47.047047047047	2.748767
47.5475475475475	2.883433
48.048048048048	2.787833
48.5485485485485	2.757367
49.049049049049	2.781167
49.5495495495495	2.7171
50.0500500500501	2.903
50.5505505505506	2.844767
51.0510510510511	2.9026
51.5515515515516	2.8482
52.0520520520521	2.7539
52.5525525525526	2.669533
53.0530530530531	2.730533
53.5535535535536	2.800967
54.0540540540541	2.724433
54.5545545545546	2.7414
55.0550550550551	2.818333
55.5555555555556	2.7405
56.0560560560561	2.810467
56.5565565565566	2.730367
57.0570570570571	2.767633
57.5575575575576	2.946
58.0580580580581	2.761633
58.5585585585586	2.858567
59.0590590590591	2.865333
59.5595595595596	3.073367
60.0600600600601	3.1884
60.5605605605606	3.217833
61.0610610610611	3.101967
61.5615615615616	3.266433
62.0620620620621	3.225533
62.5625625625626	3.181633
63.0630630630631	3.2325
63.5635635635636	3.0052
64.0640640640641	3.173633
64.5645645645646	3.0718
65.0650650650651	3.019967
65.5655655655656	2.913833
66.0660660660661	3.286867
66.5665665665666	3.306
67.0670670670671	3.203467
67.5675675675676	3.1394
68.0680680680681	3.082133
68.5685685685686	3.061833
69.0690690690691	3.264833
69.5695695695696	3.122833
70.0700700700701	3.246033
70.5705705705706	3.2302
71.0710710710711	3.031033
71.5715715715716	3.0546
72.0720720720721	3.1976
72.5725725725726	3.053767
73.0730730730731	3.117067
73.5735735735736	3.052467
74.0740740740741	3.127667
74.5745745745746	3.180767
75.0750750750751	2.917567
75.5755755755756	3.001567
76.0760760760761	3.105433
76.5765765765766	3.092567
77.0770770770771	2.9449
77.5775775775776	3.067467
78.0780780780781	2.9663
78.5785785785786	3.019133
79.0790790790791	3.002133
79.5795795795796	3.012367
80.0800800800801	3.049467
80.5805805805806	3.0539
81.0810810810811	3.0288
81.5815815815816	2.933
82.0820820820821	2.8357
82.5825825825826	2.820867
83.0830830830831	2.9162
83.5835835835836	3.018467
84.0840840840841	2.879067
84.5845845845846	2.932367
85.0850850850851	2.86
85.5855855855856	2.933133
86.0860860860861	2.891467
86.5865865865866	2.821533
87.0870870870871	2.886267
87.5875875875876	3.011467
88.0880880880881	2.795633
88.5885885885886	2.878567
89.0890890890891	2.7844
89.5895895895896	2.8791
90.0900900900901	2.715533
90.5905905905906	2.659033
91.0910910910911	2.815867
91.5915915915916	2.8783
92.0920920920921	2.895933
92.5925925925926	2.863433
93.0930930930931	2.756467
93.5935935935936	2.853167
94.0940940940941	2.827133
94.5945945945946	2.890967
95.0950950950951	2.8336
95.5955955955956	2.9565
96.0960960960961	2.745567
96.5965965965966	2.87
97.0970970970971	3.0179
97.5975975975976	2.9461
98.0980980980981	2.977367
98.5985985985986	3.020267
99.0990990990991	3.025733
99.5995995995996	2.8957
100.1001001001	2.876433
100.600600600601	2.963
101.101101101101	2.8077
101.601601601602	2.7511
102.102102102102	2.777433
102.602602602603	2.820867
103.103103103103	2.836633
103.603603603604	2.850067
104.104104104104	2.812567
104.604604604605	2.702633
105.105105105105	2.764733
105.605605605606	2.834
106.106106106106	2.803533
106.606606606607	2.7988
107.107107107107	2.703167
107.607607607608	2.954333
108.108108108108	2.805367
108.608608608609	2.866033
109.109109109109	2.7369
109.60960960961	2.8073
110.11011011011	2.8704
110.610610610611	2.928267
111.111111111111	2.954133
111.611611611612	2.899633
112.112112112112	2.9703
112.612612612613	2.8658
113.113113113113	3.0241
113.613613613614	3.0398
114.114114114114	2.959633
114.614614614615	3.0804
115.115115115115	3.000667
115.615615615616	2.886033
116.116116116116	2.793167
116.616616616617	2.833133
117.117117117117	2.876367
117.617617617618	2.900067
118.118118118118	2.8111
118.618618618619	2.785333
119.119119119119	2.813333
119.61961961962	2.7715
120.12012012012	2.805567
120.620620620621	2.857467
121.121121121121	2.832033
121.621621621622	2.891767
122.122122122122	2.824233
122.622622622623	2.826133
123.123123123123	2.7992
123.623623623624	2.855167
124.124124124124	2.880133
124.624624624625	2.939067
125.125125125125	2.8741
125.625625625626	2.897567
126.126126126126	2.997533
126.626626626627	2.974967
127.127127127127	2.953833
127.627627627628	2.923733
128.128128128128	2.840833
128.628628628629	3.051967
129.129129129129	2.871933
129.62962962963	2.9041
130.13013013013	2.986267
130.630630630631	2.935733
131.131131131131	2.9396
131.631631631632	3.0751
132.132132132132	3.042533
132.632632632633	3.015833
133.133133133133	3.011667
133.633633633634	2.975367
134.134134134134	2.997267
134.634634634635	2.9056
135.135135135135	3.032633
135.635635635636	3.022133
136.136136136136	2.999933
136.636636636637	3.025167
137.137137137137	3.007633
137.637637637638	2.974367
138.138138138138	3.108233
138.638638638639	3.0406
139.139139139139	3.072367
139.63963963964	3.091533
140.14014014014	3.082033
140.640640640641	3.110367
141.141141141141	3.1173
141.641641641642	3.093767
142.142142142142	3.120667
142.642642642643	3.152467
143.143143143143	3.208433
143.643643643644	3.134167
144.144144144144	3.215967
144.644644644645	3.122167
145.145145145145	3.1194
145.645645645646	3.186933
146.146146146146	3.084533
146.646646646647	3.191967
147.147147147147	3.095
147.647647647648	3.368167
148.148148148148	3.302667
148.648648648649	3.204133
149.149149149149	3.2328
149.64964964965	3.148767
150.15015015015	3.3296
150.650650650651	3.092833
151.151151151151	3.2387
151.651651651652	3.289367
152.152152152152	3.1011
152.652652652653	3.154333
153.153153153153	3.306233
153.653653653654	3.213533
154.154154154154	3.231033
154.654654654655	3.1746
155.155155155155	3.2944
155.655655655656	3.258533
156.156156156156	3.2601
156.656656656657	3.3822
157.157157157157	3.4736
157.657657657658	3.397533
158.158158158158	3.198933
158.658658658659	3.193067
159.159159159159	3.2248
159.65965965966	3.347233
160.16016016016	3.3702
160.660660660661	3.357233
161.161161161161	3.200333
161.661661661662	3.2972
162.162162162162	3.1955
162.662662662663	3.3602
163.163163163163	3.2923
163.663663663664	3.339467
164.164164164164	3.369967
164.664664664665	3.305333
165.165165165165	3.298033
165.665665665666	3.274933
166.166166166166	3.357033
166.666666666667	3.3935
167.167167167167	3.324767
167.667667667668	3.389433
168.168168168168	3.4331
168.668668668669	3.534133
169.169169169169	3.482233
169.66966966967	3.384167
170.17017017017	3.598967
170.670670670671	3.484267
171.171171171171	3.392933
171.671671671672	3.3437
172.172172172172	3.3752
172.672672672673	3.353567
173.173173173173	3.535967
173.673673673674	3.389233
174.174174174174	3.321967
174.674674674675	3.352267
175.175175175175	3.4554
175.675675675676	3.402267
176.176176176176	3.625167
176.676676676677	3.502333
177.177177177177	3.499333
177.677677677678	3.3993
178.178178178178	3.505067
178.678678678679	3.523367
179.179179179179	3.500167
179.67967967968	3.571067
180.18018018018	3.618433
180.680680680681	3.5351
181.181181181181	3.587233
181.681681681682	3.5647
182.182182182182	3.494167
182.682682682683	3.480633
183.183183183183	3.473633
183.683683683684	3.512767
184.184184184184	3.482333
184.684684684685	3.512667
185.185185185185	3.481433
185.685685685686	3.5321
186.186186186186	3.504567
186.686686686687	3.496767
187.187187187187	3.6587
187.687687687688	3.695633
188.188188188188	3.821833
188.688688688689	3.6331
189.189189189189	3.710567
189.68968968969	3.612233
190.19019019019	3.5994
190.690690690691	3.673233
191.191191191191	3.731233
191.691691691692	3.570967
192.192192192192	3.765533
192.692692692693	3.747
193.193193193193	3.7197
193.693693693694	3.679633
194.194194194194	3.691467
194.694694694695	3.7348
195.195195195195	3.688067
195.695695695696	3.665633
196.196196196196	3.679833
196.696696696697	3.634933
197.197197197197	3.644733
197.697697697698	3.604033
198.198198198198	3.676767
198.698698698699	3.808133
199.199199199199	3.779033
199.6996996997	3.620333
200.2002002002	3.701667
200.700700700701	3.641867
201.201201201201	3.6255
201.701701701702	3.7015
202.202202202202	3.668033
202.702702702703	3.527267
203.203203203203	3.747
203.703703703704	3.567233
204.204204204204	3.5832
204.704704704705	3.5132
205.205205205205	3.459733
205.705705705706	3.450167
206.206206206206	3.403167
206.706706706707	3.458633
207.207207207207	3.5198
207.707707707708	3.617733
208.208208208208	3.534233
208.708708708709	3.536967
209.209209209209	3.534333
209.70970970971	3.419267
210.21021021021	3.503133
210.710710710711	3.5752
211.211211211211	3.562533
211.711711711712	3.7003
212.212212212212	3.7388
212.712712712713	3.8356
213.213213213213	3.775033
213.713713713714	3.6727
214.214214214214	3.8628
214.714714714715	3.7356
215.215215215215	3.773933
215.715715715716	3.8191
216.216216216216	3.6927
216.716716716717	3.646233
217.217217217217	3.6929
217.717717717718	3.6489
218.218218218218	3.6963
218.718718718719	3.745533
219.219219219219	3.679067
219.71971971972	3.614867
220.22022022022	3.661467
220.720720720721	3.693633
221.221221221221	3.722533
221.721721721722	3.670733
222.222222222222	3.715667
222.722722722723	3.7372
223.223223223223	3.6466
223.723723723724	3.806933
224.224224224224	3.846867
224.724724724725	3.8796
225.225225225225	3.674733
225.725725725726	3.612533
226.226226226226	3.8199
226.726726726727	3.599133
227.227227227227	3.665367
227.727727727728	3.757367
228.228228228228	3.775467
228.728728728729	3.623267
229.229229229229	3.610967
229.72972972973	3.786667
230.23023023023	3.7263
230.730730730731	3.811067
231.231231231231	3.7621
231.731731731732	3.797667
232.232232232232	3.713967
232.732732732733	3.902833
233.233233233233	3.798967
233.733733733734	3.736767
234.234234234234	3.6709
234.734734734735	3.765633
235.235235235235	3.714467
235.735735735736	3.514167
236.236236236236	3.693233
236.736736736737	3.680667
237.237237237237	3.6699
237.737737737738	3.7344
238.238238238238	3.610667
238.738738738739	3.7063
239.239239239239	3.719167
239.73973973974	3.752867
240.24024024024	3.8075
240.740740740741	3.7106
241.241241241241	3.784967
241.741741741742	3.702633
242.242242242242	3.6885
242.742742742743	3.748533
243.243243243243	3.621
243.743743743744	3.593467
244.244244244244	3.693467
244.744744744745	3.7509
245.245245245245	3.738767
245.745745745746	3.808733
246.246246246246	3.716233
246.746746746747	3.789867
247.247247247247	3.777667
247.747747747748	3.7128
248.248248248248	3.7092
248.748748748749	3.573133
249.249249249249	3.6141
249.74974974975	3.649733
250.25025025025	3.788533
250.750750750751	3.851233
251.251251251251	3.784933
251.751751751752	3.714233
252.252252252252	3.754433
252.752752752753	3.712067
253.253253253253	3.669833
253.753753753754	3.783833
254.254254254254	3.678867
254.754754754755	3.7858
255.255255255255	3.750867
255.755755755756	3.792133
256.256256256256	3.784833
256.756756756757	3.774867
257.257257257257	3.759967
257.757757757758	3.759333
258.258258258258	3.578
258.758758758759	3.826033
259.259259259259	3.6307
259.75975975976	3.607833
260.26026026026	3.744633
260.760760760761	3.775767
261.261261261261	3.6814
261.761761761762	3.579867
262.262262262262	3.5814
262.762762762763	3.7859
263.263263263263	3.7527
263.763763763764	3.722233
264.264264264264	3.803
264.764764764765	3.765733
265.265265265265	3.731367
265.765765765766	3.8023
266.266266266266	3.768367
266.766766766767	3.663333
267.267267267267	3.731933
267.767767767768	3.794733
268.268268268268	3.649033
268.768768768769	3.684233
269.269269269269	3.686633
269.76976976977	3.7484
270.27027027027	3.814833
270.770770770771	3.7287
271.271271271271	3.692567
271.771771771772	3.714133
272.272272272272	3.8003
272.772772772773	3.735733
273.273273273273	3.8219
273.773773773774	3.9021
274.274274274274	4.016067
274.774774774775	3.7793
275.275275275275	3.829967
275.775775775776	3.893233
276.276276276276	3.906233
276.776776776777	3.847267
277.277277277277	3.8314
277.777777777778	3.8467
278.278278278278	3.753767
278.778778778779	3.856
279.279279279279	3.788633
279.77977977978	3.7972
280.28028028028	3.824167
280.780780780781	3.743333
281.281281281281	3.868667
281.781781781782	3.891767
282.282282282282	3.881867
282.782782782783	3.898467
283.283283283283	3.8445
283.783783783784	3.782033
284.284284284284	3.8252
284.784784784785	3.867933
285.285285285285	3.892567
285.785785785786	3.978133
286.286286286286	4.015367
286.786786786787	3.973633
287.287287287287	3.923533
287.787787787788	3.938233
288.288288288288	3.828633
288.788788788789	3.927167
289.289289289289	4.036833
289.78978978979	3.920867
290.29029029029	4.0105
290.790790790791	3.9589
291.291291291291	3.904567
291.791791791792	4.1159
292.292292292292	4.096067
292.792792792793	4.0895
293.293293293293	4.093
293.793793793794	4.0807
294.294294294294	4.054067
294.794794794795	4.077633
295.295295295295	4.1353
295.795795795796	4.101467
296.296296296296	4.1591
296.796796796797	3.9748
297.297297297297	4.148733
297.797797797798	4.135333
298.298298298298	4.084767
298.798798798799	4.210567
299.299299299299	4.323267
299.7997997998	4.369
300.3003003003	4.277333
300.800800800801	4.216533
301.301301301301	4.1472
301.801801801802	4.166533
302.302302302302	4.169667
302.802802802803	4.2219
303.303303303303	4.155267
303.803803803804	4.2287
304.304304304304	4.259233
304.804804804805	4.2532
305.305305305305	4.167367
305.805805805806	4.2006
306.306306306306	4.2929
306.806806806807	4.1584
307.307307307307	4.275267
307.807807807808	4.173167
308.308308308308	4.241233
308.808808808809	4.274367
309.309309309309	4.175333
309.80980980981	4.216933
310.31031031031	4.364967
310.810810810811	4.283733
311.311311311311	4.3272
311.811811811812	4.424967
312.312312312312	4.453767
312.812812812813	4.456867
313.313313313313	4.442533
313.813813813814	4.2745
314.314314314314	4.3756
314.814814814815	4.420133
315.315315315315	4.2558
315.815815815816	4.3575
316.316316316316	4.323433
316.816816816817	4.306467
317.317317317317	4.279667
317.817817817818	4.288167
318.318318318318	4.263967
318.818818818819	4.252067
319.319319319319	4.276267
319.81981981982	4.280567
320.32032032032	4.339433
320.820820820821	4.277933
321.321321321321	4.328833
321.821821821822	4.218633
322.322322322322	4.270867
322.822822822823	4.3963
323.323323323323	4.122333
323.823823823824	4.262933
324.324324324324	4.3452
324.824824824825	4.2551
325.325325325325	4.311933
325.825825825826	4.133567
326.326326326326	4.148833
326.826826826827	4.136133
327.327327327327	4.048967
327.827827827828	4.1219
328.328328328328	4.242667
328.828828828829	4.1963
329.329329329329	4.1306
329.82982982983	4.110067
330.33033033033	4.2184
330.830830830831	4.1632
331.331331331331	4.0993
331.831831831832	4.021033
332.332332332332	4.000833
332.832832832833	4.0221
333.333333333333	3.8892
333.833833833834	3.906767
334.334334334334	4.0518
334.834834834835	4.1145
335.335335335335	3.9783
335.835835835836	4.0994
336.336336336336	3.930267
336.836836836837	4.064
337.337337337337	3.9774
337.837837837838	4.0649
338.338338338338	4.094067
338.838838838839	4.1222
339.339339339339	4.0012
339.83983983984	4.069333
340.34034034034	4.152067
340.840840840841	4.101167
341.341341341341	4.156167
341.841841841842	4.295733
342.342342342342	4.237867
342.842842842843	3.988267
343.343343343343	4.1592
343.843843843844	4.096733
344.344344344344	4.209667
344.844844844845	4.222333
345.345345345345	4.136633
345.845845845846	4.109033
346.346346346346	4.091267
346.846846846847	4.1611
347.347347347347	4.224033
347.847847847848	4.068367
348.348348348348	4.091633
348.848848848849	3.938033
349.349349349349	4.0088
349.84984984985	4.073833
350.35035035035	4.228833
350.850850850851	4.019267
351.351351351351	4.142233
351.851851851852	4.032067
352.352352352352	4.061533
352.852852852853	3.9977
353.353353353353	3.944167
353.853853853854	4.0819
354.354354354354	4.026967
354.854854854855	4.043533
355.355355355355	4.154067
355.855855855856	4.323567
356.356356356356	4.204
356.856856856857	4.0125
357.357357357357	4.138967
357.857857857858	4.235267
358.358358358358	4.187167
358.858858858859	4.255633
359.359359359359	4.161633
359.85985985986	4.176567
360.36036036036	4.209233
360.860860860861	4.182433
361.361361361361	4.195133
361.861861861862	4.0795
362.362362362362	4.162433
362.862862862863	4.152167
363.363363363363	4.123467
363.863863863864	4.138567
364.364364364364	4.103733
364.864864864865	4.123433
365.365365365365	4.196167
365.865865865866	3.991767
366.366366366366	4.158667
366.866866866867	3.960333
367.367367367367	3.9136
367.867867867868	3.9508
368.368368368368	3.9324
368.868868868869	4.015333
369.369369369369	3.875367
369.86986986987	4.014067
370.37037037037	3.972333
370.870870870871	4.086
371.371371371371	4.134567
371.871871871872	4.1886
372.372372372372	4.0972
372.872872872873	4.110633
373.373373373373	4.078967
373.873873873874	4.045767
374.374374374374	4.0859
374.874874874875	3.967267
375.375375375375	4.027667
375.875875875876	3.991767
376.376376376376	4.0696
376.876876876877	4.099567
377.377377377377	4.086133
377.877877877878	4.046567
378.378378378378	4.076333
378.878878878879	4.055933
379.379379379379	4.124967
379.87987987988	4.171733
380.38038038038	4.1714
380.880880880881	4.1039
381.381381381381	4.345533
381.881881881882	4.008333
382.382382382382	4.079733
382.882882882883	4.113
383.383383383383	4.1042
383.883883883884	4.045
384.384384384384	4.041367
384.884884884885	3.9723
385.385385385385	4.068633
385.885885885886	4.0493
386.386386386386	3.872433
386.886886886887	4.030833
387.387387387387	3.8912
387.887887887888	3.943167
388.388388388388	4.036867
388.888888888889	4.145667
389.389389389389	3.9536
389.88988988989	3.898033
390.39039039039	3.833433
390.890890890891	3.7821
391.391391391391	3.8968
391.891891891892	3.770967
392.392392392392	3.880367
392.892892892893	3.916533
393.393393393393	3.8098
393.893893893894	3.706433
394.394394394394	3.710767
394.894894894895	3.7246
395.395395395395	3.8781
395.895895895896	3.861267
396.396396396396	3.841733
396.896896896897	3.898767
397.397397397397	3.866867
397.897897897898	3.789767
398.398398398398	3.8649
398.898898898899	3.855333
399.399399399399	3.874133
399.8998998999	3.922633
400.4004004004	3.9292
400.900900900901	3.845633
401.401401401401	3.8502
401.901901901902	3.896733
402.402402402402	3.8811
402.902902902903	3.779533
403.403403403403	3.924267
403.903903903904	3.785167
404.404404404404	3.894967
404.904904904905	3.936367
405.405405405405	3.7277
405.905905905906	3.800467
406.406406406406	3.8979
406.906906906907	3.879833
407.407407407407	3.761967
407.907907907908	3.779867
408.408408408408	3.796367
408.908908908909	3.775167
409.409409409409	3.700667
409.90990990991	3.6432
410.41041041041	3.715533
410.910910910911	3.711733
411.411411411411	3.6608
411.911911911912	3.787667
412.412412412412	3.757267
412.912912912913	3.6592
413.413413413413	3.638833
413.913913913914	3.641833
414.414414414414	3.709733
414.914914914915	3.705333
415.415415415415	3.713667
415.915915915916	3.796167
416.416416416416	3.747567
416.916916916917	3.883767
417.417417417417	3.823967
417.917917917918	3.881133
418.418418418418	3.944167
418.918918918919	3.781567
419.419419419419	4.033667
419.91991991992	4.061633
420.42042042042	4.093967
420.920920920921	4.0009
421.421421421421	3.9986
421.921921921922	4.0559
422.422422422422	4.0605
422.922922922923	3.9635
423.423423423423	4.179133
423.923923923924	3.868633
424.424424424424	3.913
424.924924924925	3.798533
425.425425425425	3.888533
425.925925925926	3.851733
426.426426426426	3.955133
426.926926926927	3.866067
427.427427427427	4.063167
427.927927927928	4.024367
428.428428428428	4.076467
428.928928928929	3.9887
429.429429429429	3.863133
429.92992992993	4.0496
430.43043043043	3.878033
430.930930930931	4.021933
431.431431431431	4.037233
431.931931931932	4.0197
432.432432432432	3.934233
432.932932932933	4.012567
433.433433433433	4.005767
433.933933933934	3.935967
434.434434434434	3.942267
434.934934934935	4.060433
435.435435435435	3.8509
435.935935935936	3.8849
436.436436436436	3.816067
436.936936936937	3.869667
437.437437437437	3.9403
437.937937937938	3.793467
438.438438438438	3.930933
438.938938938939	3.913133
439.439439439439	3.8675
439.93993993994	3.8377
440.44044044044	3.963933
440.940940940941	3.794367
441.441441441441	3.979167
441.941941941942	4.003967
442.442442442442	3.889267
442.942942942943	3.850767
443.443443443443	3.8657
443.943943943944	3.745867
444.444444444444	3.871567
444.944944944945	3.710333
445.445445445445	3.944567
445.945945945946	3.8761
446.446446446446	3.7619
446.946946946947	3.9161
447.447447447448	3.884333
447.947947947948	4.085567
448.448448448448	3.808367
448.948948948949	3.858633
449.449449449449	3.885167
449.94994994995	3.888733
450.45045045045	4.006933
450.950950950951	4.028667
451.451451451452	3.960933
451.951951951952	3.760133
452.452452452452	3.7602
452.952952952953	3.847233
453.453453453453	3.7549
453.953953953954	3.727233
454.454454454454	3.865233
454.954954954955	3.8237
455.455455455456	3.864733
455.955955955956	3.877467
456.456456456456	3.9295
456.956956956957	3.861267
457.457457457457	3.914567
457.957957957958	3.878833
458.458458458458	3.762133
458.958958958959	3.8212
459.45945945946	3.805967
459.95995995996	3.800933
460.46046046046	3.881467
460.960960960961	3.747233
461.461461461461	4.016367
461.961961961962	3.850233
462.462462462462	4.0623
462.962962962963	3.8554
463.463463463464	4.051467
463.963963963964	3.989167
464.464464464464	3.8844
464.964964964965	4.005133
465.465465465465	4.062233
465.965965965966	3.8681
466.466466466466	3.915867
466.966966966967	4.017133
467.467467467468	4.039833
467.967967967968	3.8955
468.468468468469	3.7948
468.968968968969	3.720167
469.469469469469	3.7735
469.96996996997	3.778667
470.47047047047	3.933067
470.970970970971	3.8918
471.471471471472	3.8567
471.971971971972	3.961633
472.472472472473	3.809567
472.972972972973	3.8145
473.473473473473	3.905733
473.973973973974	3.806967
474.474474474474	3.908767
474.974974974975	3.872967
475.475475475476	3.858167
475.975975975976	3.772533
476.476476476477	3.755433
476.976976976977	3.8192
477.477477477477	3.849233
477.977977977978	3.881833
478.478478478478	3.879
478.978978978979	3.8556
479.47947947948	3.8453
479.97997997998	3.8813
480.480480480481	3.736467
480.980980980981	3.922733
481.481481481481	3.7503
481.981981981982	3.688567
482.482482482483	3.827733
482.982982982983	3.7459
483.483483483484	3.881733
483.983983983984	3.862033
484.484484484485	3.796067
484.984984984985	3.784533
485.485485485485	3.931267
485.985985985986	3.924767
486.486486486487	4.151733
486.986986986987	3.875933
487.487487487488	4.1078
487.987987987988	4.014867
488.488488488489	3.944067
488.988988988989	3.941767
489.48948948949	3.897333
489.98998998999	3.787967
490.490490490491	3.917333
490.990990990991	3.839633
491.491491491492	3.8675
491.991991991992	3.812733
492.492492492493	3.892233
492.992992992993	3.819167
493.493493493494	3.9611
493.993993993994	3.8628
494.494494494495	3.8401
494.994994994995	3.8458
495.495495495496	3.858833
495.995995995996	3.892733
496.496496496497	4.025133
496.996996996997	3.9764
497.497497497498	4.059867
497.997997997998	4.081067
498.498498498499	4.141467
498.998998998999	4.0793
499.4994994995	4.057333
500	3.995033