Time RMSD
0	0
0.500500500500501	1.523133
1.001001001001	1.498467
1.5015015015015	1.484533
2.002002002002	1.680067
2.5025025025025	1.7475
3.003003003003	1.6426
3.5035035035035	1.7614
4.004004004004	1.9788
4.50450450450451	1.927333
5.00500500500501	1.994933
5.50550550550551	1.9885
6.00600600600601	2.058433
6.50650650650651	2.0679
7.00700700700701	1.964133
7.50750750750751	2.214633
8.00800800800801	2.048733
8.50850850850851	2.0353
9.00900900900901	2.179167
9.50950950950951	2.155467
10.01001001001	2.164533
10.5105105105105	2.1038
11.011011011011	2.057633
11.5115115115115	2.100967
12.012012012012	2.282933
12.5125125125125	2.159767
13.013013013013	2.0848
13.5135135135135	2.1937
14.014014014014	2.236867
14.5145145145145	2.152033
15.015015015015	2.3966
15.5155155155155	2.2295
16.016016016016	2.2773
16.5165165165165	2.422233
17.017017017017	2.493367
17.5175175175175	2.337167
18.018018018018	2.452467
18.5185185185185	2.630133
19.019019019019	2.527133
19.5195195195195	2.596567
20.02002002002	2.580667
20.5205205205205	2.6232
21.021021021021	2.672567
21.5215215215215	2.593133
22.022022022022	2.656833
22.5225225225225	2.7061
23.023023023023	2.618767
23.5235235235235	2.6269
24.024024024024	2.743667
24.5245245245245	2.8578
25.025025025025	2.617133
25.5255255255255	2.8184
26.026026026026	2.642067
26.5265265265265	2.505233
27.027027027027	2.571967
27.5275275275275	2.5824
28.028028028028	2.5643
28.5285285285285	2.527333
29.029029029029	2.642767
29.5295295295295	2.5917
30.03003003003	2.808967
30.5305305305305	2.824067
31.031031031031	2.810433
31.5315315315315	2.661433
32.032032032032	2.734067
32.5325325325325	2.865
33.033033033033	2.666767
33.5335335335335	2.760633
34.034034034034	2.854233
34.5345345345345	2.798533
35.035035035035	2.865867
35.5355355355355	2.8808
36.036036036036	2.838067
36.5365365365365	2.905233
37.037037037037	2.736533
37.5375375375375	2.7522
38.038038038038	2.7862
38.5385385385385	2.938267
39.039039039039	2.700033
39.5395395395395	2.6236
40.04004004004	2.8249
40.5405405405405	3.015633
41.041041041041	3.129133
41.5415415415415	2.883767
42.042042042042	2.948
42.5425425425425	2.957833
43.043043043043	2.945067
43.5435435435435	2.798133
44.044044044044	2.899067
44.5445445445445	3.064733
45.045045045045	2.871333
45.5455455455455	2.907
46.046046046046	2.980533
46.5465465465465	2.878033
47.047047047047	2.837333
47.5475475475475	2.7964
48.048048048048	2.8726
48.5485485485485	2.8933
49.049049049049	2.8454
49.5495495495495	2.818733
50.0500500500501	2.803233
50.5505505505506	2.896267
51.0510510510511	2.838467
51.5515515515516	2.889933
52.0520520520521	2.8758
52.5525525525526	2.886467
53.0530530530531	2.750267
53.5535535535536	2.8497
54.0540540540541	2.879533
54.5545545545546	2.9308
55.0550550550551	3.0581
55.5555555555556	2.890733
56.0560560560561	3.014267
56.5565565565566	3.028367
57.0570570570571	3.0711
57.5575575575576	3.039667
58.0580580580581	2.9617
58.5585585585586	2.855233
59.0590590590591	2.889833
59.5595595595596	2.838467
60.0600600600601	2.797933
60.5605605605606	2.914433
61.0610610610611	2.858133
61.5615615615616	2.988667
62.0620620620621	2.8546
62.5625625625626	2.927133
63.0630630630631	2.8194
63.5635635635636	2.808533
64.0640640640641	2.774833
64.5645645645646	2.7993
65.0650650650651	2.7475
65.5655655655656	2.7752
66.0660660660661	2.7823
66.5665665665666	2.811933
67.0670670670671	2.787933
67.5675675675676	2.8253
68.0680680680681	2.875267
68.5685685685686	2.908367
69.0690690690691	2.898433
69.5695695695696	2.7932
70.0700700700701	2.772433
70.5705705705706	2.6979
71.0710710710711	2.764133
71.5715715715716	2.810133
72.0720720720721	2.8747
72.5725725725726	3.040567
73.0730730730731	2.795767
73.5735735735736	2.860933
74.0740740740741	2.970367
74.5745745745746	2.887267
75.0750750750751	2.989567
75.5755755755756	2.924433
76.0760760760761	3.071733
76.5765765765766	3.079533
77.0770770770771	2.9216
77.5775775775776	2.895333
78.0780780780781	2.878933
78.5785785785786	2.9662
79.0790790790791	2.892733
79.5795795795796	2.892433
80.0800800800801	2.7833
80.5805805805806	2.8315
81.0810810810811	2.871933
81.5815815815816	2.851767
82.0820820820821	3.143667
82.5825825825826	2.738833
83.0830830830831	2.977633
83.5835835835836	2.813
84.0840840840841	2.998867
84.5845845845846	2.878167
85.0850850850851	3.0899
85.5855855855856	2.909933
86.0860860860861	3.003733
86.5865865865866	3.0193
87.0870870870871	2.859567
87.5875875875876	2.985033
88.0880880880881	2.844067
88.5885885885886	2.8623
89.0890890890891	2.8125
89.5895895895896	2.829133
90.0900900900901	2.8918
90.5905905905906	2.880367
91.0910910910911	2.950433
91.5915915915916	2.8704
92.0920920920921	2.857567
92.5925925925926	2.841433
93.0930930930931	2.7877
93.5935935935936	2.8124
94.0940940940941	2.7919
94.5945945945946	2.819333
95.0950950950951	2.796367
95.5955955955956	2.774733
96.0960960960961	2.839967
96.5965965965966	2.8839
97.0970970970971	2.810733
97.5975975975976	2.8194
98.0980980980981	2.871767
98.5985985985986	2.873867
99.0990990990991	2.8656
99.5995995995996	2.881933
100.1001001001	2.908733
100.600600600601	2.890533
101.101101101101	2.8454
101.601601601602	2.903867
102.102102102102	2.912333
102.602602602603	2.9474
103.103103103103	2.927233
103.603603603604	2.971833
104.104104104104	2.8003
104.604604604605	2.9118
105.105105105105	2.892433
105.605605605606	2.919033
106.106106106106	2.8987
106.606606606607	2.8325
107.107107107107	2.842033
107.607607607608	2.906533
108.108108108108	2.940667
108.608608608609	2.975567
109.109109109109	2.872767
109.60960960961	3.0035
110.11011011011	2.9527
110.610610610611	3.096833
111.111111111111	3.105
111.611611611612	3.115967
112.112112112112	3.0715
112.612612612613	3.177233
113.113113113113	3.115667
113.613613613614	3.203867
114.114114114114	3.173267
114.614614614615	3.0838
115.115115115115	3.183467
115.615615615616	3.079933
116.116116116116	3.2101
116.616616616617	2.9844
117.117117117117	2.991967
117.617617617618	3.0001
118.118118118118	3.0266
118.618618618619	3.012767
119.119119119119	3.004067
119.61961961962	3.1998
120.12012012012	3.078733
120.620620620621	3.0275
121.121121121121	3.000533
121.621621621622	3.112833
122.122122122122	3.112633
122.622622622623	3.1381
123.123123123123	3.032867
123.623623623624	3.207133
124.124124124124	3.100467
124.624624624625	3.257967
125.125125125125	3.346533
125.625625625626	3.258067
126.126126126126	3.130833
126.626626626627	3.4457
127.127127127127	3.3873
127.627627627628	3.243967
128.128128128128	3.2367
128.628628628629	3.447767
129.129129129129	3.536967
129.62962962963	3.536467
130.13013013013	3.520967
130.630630630631	3.130833
131.131131131131	3.245067
131.631631631632	3.1191
132.132132132132	3.116167
132.632632632633	3.038033
133.133133133133	3.180133
133.633633633634	3.136533
134.134134134134	3.1371
134.634634634635	3.317967
135.135135135135	3.284367
135.635635635636	3.162567
136.136136136136	3.203467
136.636636636637	3.203133
137.137137137137	3.290033
137.637637637638	3.301333
138.138138138138	3.175867
138.638638638639	3.305367
139.139139139139	3.340833
139.63963963964	3.253767
140.14014014014	3.1988
140.640640640641	3.176333
141.141141141141	2.9858
141.641641641642	3.1421
142.142142142142	3.2438
142.642642642643	3.289233
143.143143143143	2.977333
143.643643643644	3.158367
144.144144144144	3.215633
144.644644644645	3.106833
145.145145145145	3.105133
145.645645645646	3.095867
146.146146146146	3.110533
146.646646646647	3.118833
147.147147147147	3.1019
147.647647647648	3.1641
148.148148148148	3.3409
148.648648648649	3.058333
149.149149149149	3.1668
149.64964964965	3.078233
150.15015015015	3.2152
150.650650650651	3.153633
151.151151151151	3.177433
151.651651651652	3.142567
152.152152152152	3.226967
152.652652652653	3.284233
153.153153153153	3.261167
153.653653653654	3.171567
154.154154154154	3.136567
154.654654654655	3.149767
155.155155155155	3.156567
155.655655655656	3.286
156.156156156156	3.375133
156.656656656657	3.484367
157.157157157157	3.4842
157.657657657658	3.321467
158.158158158158	3.228667
158.658658658659	3.491867
159.159159159159	3.478433
159.65965965966	3.374233
160.16016016016	3.5549
160.660660660661	3.411467
161.161161161161	3.2088
161.661661661662	3.2743
162.162162162162	3.233267
162.662662662663	3.268967
163.163163163163	3.219433
163.663663663664	3.350233
164.164164164164	3.3659
164.664664664665	3.151867
165.165165165165	3.135033
165.665665665666	3.2627
166.166166166166	3.309333
166.666666666667	3.116167
167.167167167167	3.1531
167.667667667668	3.1665
168.168168168168	3.131533
168.668668668669	3.160333
169.169169169169	3.0403
169.66966966967	3.2138
170.17017017017	3.2816
170.670670670671	3.2002
171.171171171171	3.258133
171.671671671672	3.287867
172.172172172172	3.296533
172.672672672673	3.1254
173.173173173173	3.2305
173.673673673674	3.324533
174.174174174174	3.2067
174.674674674675	3.164967
175.175175175175	3.2389
175.675675675676	3.3743
176.176176176176	3.4549
176.676676676677	3.2555
177.177177177177	3.5221
177.677677677678	3.410467
178.178178178178	3.419033
178.678678678679	3.295233
179.179179179179	3.456867
179.67967967968	3.5196
180.18018018018	3.461833
180.680680680681	3.390133
181.181181181181	3.374667
181.681681681682	3.451533
182.182182182182	3.536133
182.682682682683	3.411767
183.183183183183	3.2662
183.683683683684	3.512033
184.184184184184	3.6878
184.684684684685	3.526367
185.185185185185	3.487667
185.685685685686	3.424367
186.186186186186	3.667433
186.686686686687	3.661033
187.187187187187	3.6938
187.687687687688	3.475133
188.188188188188	3.6694
188.688688688689	3.550867
189.189189189189	3.386733
189.68968968969	3.485567
190.19019019019	3.364367
190.690690690691	3.382233
191.191191191191	3.558833
191.691691691692	3.5856
192.192192192192	3.4265
192.692692692693	3.517467
193.193193193193	3.430533
193.693693693694	3.539833
194.194194194194	3.504967
194.694694694695	3.394467
195.195195195195	3.565633
195.695695695696	3.481833
196.196196196196	3.476667
196.696696696697	3.478567
197.197197197197	3.453367
197.697697697698	3.240033
198.198198198198	3.569067
198.698698698699	3.458033
199.199199199199	3.587667
199.6996996997	3.571667
200.2002002002	3.397533
200.700700700701	3.699933
201.201201201201	3.6445
201.701701701702	3.708767
202.202202202202	3.639033
202.702702702703	3.478733
203.203203203203	3.652233
203.703703703704	3.618933
204.204204204204	3.620233
204.704704704705	3.575067
205.205205205205	3.721967
205.705705705706	3.256333
206.206206206206	3.356633
206.706706706707	3.4548
207.207207207207	3.422233
207.707707707708	3.3432
208.208208208208	3.374533
208.708708708709	3.328067
209.209209209209	3.5294
209.70970970971	3.3885
210.21021021021	3.777633
210.710710710711	3.665
211.211211211211	3.473833
211.711711711712	3.375433
212.212212212212	3.358
212.712712712713	3.532233
213.213213213213	3.5856
213.713713713714	3.471067
214.214214214214	3.493433
214.714714714715	3.5275
215.215215215215	3.7418
215.715715715716	3.6447
216.216216216216	3.753433
216.716716716717	3.353367
217.217217217217	3.534933
217.717717717718	3.468
218.218218218218	3.469733
218.718718718719	3.473667
219.219219219219	3.5392
219.71971971972	3.479533
220.22022022022	3.571633
220.720720720721	3.398033
221.221221221221	3.524533
221.721721721722	3.493133
222.222222222222	3.3943
222.722722722723	3.475733
223.223223223223	3.535233
223.723723723724	3.487567
224.224224224224	3.424933
224.724724724725	3.438633
225.225225225225	3.5034
225.725725725726	3.7039
226.226226226226	3.583333
226.726726726727	3.652367
227.227227227227	3.537067
227.727727727728	3.6196
228.228228228228	3.594567
228.728728728729	3.586567
229.229229229229	3.5814
229.72972972973	3.601333
230.23023023023	3.451833
230.730730730731	3.555567
231.231231231231	3.5837
231.731731731732	3.425167
232.232232232232	3.4691
232.732732732733	3.4975
233.233233233233	3.4636
233.733733733734	3.633033
234.234234234234	3.740533
234.734734734735	3.627467
235.235235235235	3.504433
235.735735735736	3.689867
236.236236236236	3.5718
236.736736736737	3.6678
237.237237237237	3.613633
237.737737737738	3.569367
238.238238238238	3.543133
238.738738738739	3.636767
239.239239239239	3.5348
239.73973973974	3.338467
240.24024024024	3.513267
240.740740740741	3.694
241.241241241241	3.6457
241.741741741742	3.513167
242.242242242242	3.503333
242.742742742743	3.437867
243.243243243243	3.513867
243.743743743744	3.5001
244.244244244244	3.505033
244.744744744745	3.348567
245.245245245245	3.479967
245.745745745746	3.465767
246.246246246246	3.430933
246.746746746747	3.4745
247.247247247247	3.443833
247.747747747748	3.496233
248.248248248248	3.637533
248.748748748749	3.6673
249.249249249249	3.547333
249.74974974975	3.568567
250.25025025025	3.5812
250.750750750751	3.348067
251.251251251251	3.538333
251.751751751752	3.5292
252.252252252252	3.4965
252.752752752753	3.4703
253.253253253253	3.448933
253.753753753754	3.3756
254.254254254254	3.4483
254.754754754755	3.439267
255.255255255255	3.429567
255.755755755756	3.459267
256.256256256256	3.451667
256.756756756757	3.420067
257.257257257257	3.465167
257.757757757758	3.616733
258.258258258258	3.387867
258.758758758759	3.448167
259.259259259259	3.523767
259.75975975976	3.626533
260.26026026026	3.909433
260.760760760761	3.6692
261.261261261261	3.740133
261.761761761762	3.789067
262.262262262262	3.623867
262.762762762763	3.642267
263.263263263263	3.669767
263.763763763764	3.564867
264.264264264264	3.469867
264.764764764765	3.618133
265.265265265265	3.528333
265.765765765766	3.580933
266.266266266266	3.492533
266.766766766767	3.4953
267.267267267267	3.397267
267.767767767768	3.480967
268.268268268268	3.523167
268.768768768769	3.514133
269.269269269269	3.657333
269.76976976977	3.5759
270.27027027027	3.5514
270.770770770771	3.482433
271.271271271271	3.5052
271.771771771772	3.572467
272.272272272272	3.644333
272.772772772773	3.565433
273.273273273273	3.563
273.773773773774	3.494333
274.274274274274	3.5283
274.774774774775	3.711933
275.275275275275	3.461633
275.775775775776	3.538333
276.276276276276	3.647333
276.776776776777	3.686333
277.277277277277	3.488033
277.777777777778	3.466867
278.278278278278	3.494633
278.778778778779	3.562867
279.279279279279	3.464367
279.77977977978	3.697067
280.28028028028	3.464467
280.780780780781	3.536167
281.281281281281	3.553133
281.781781781782	3.400367
282.282282282282	3.554633
282.782782782783	3.638
283.283283283283	3.448067
283.783783783784	3.441433
284.284284284284	3.512133
284.784784784785	3.387833
285.285285285285	3.6419
285.785785785786	3.548133
286.286286286286	3.594233
286.786786786787	3.462533
287.287287287287	3.5665
287.787787787788	3.4781
288.288288288288	3.5698
288.788788788789	3.636267
289.289289289289	3.564133
289.78978978979	3.648967
290.29029029029	3.596167
290.790790790791	3.583967
291.291291291291	3.604
291.791791791792	3.5313
292.292292292292	3.5723
292.792792792793	3.623933
293.293293293293	3.627233
293.793793793794	3.593233
294.294294294294	3.657233
294.794794794795	3.5613
295.295295295295	3.481533
295.795795795796	3.597933
296.296296296296	3.558467
296.796796796797	3.596733
297.297297297297	3.602667
297.797797797798	3.4559
298.298298298298	3.453033
298.798798798799	3.396833
299.299299299299	3.4816
299.7997997998	3.648033
300.3003003003	3.540333
300.800800800801	3.604567
301.301301301301	3.642767
301.801801801802	3.694367
302.302302302302	3.549233
302.802802802803	3.5091
303.303303303303	3.544667
303.803803803804	3.484533
304.304304304304	3.523667
304.804804804805	3.645333
305.305305305305	3.419167
305.805805805806	3.530367
306.306306306306	3.583867
306.806806806807	3.690333
307.307307307307	3.722
307.807807807808	3.822133
308.308308308308	3.5329
308.808808808809	3.592733
309.309309309309	3.738667
309.80980980981	3.7771
310.31031031031	3.862467
310.810810810811	3.5836
311.311311311311	3.641967
311.811811811812	3.595433
312.312312312312	3.6051
312.812812812813	3.5019
313.313313313313	3.627533
313.813813813814	3.489333
314.314314314314	3.617067
314.814814814815	3.514033
315.315315315315	3.486433
315.815815815816	3.416767
316.316316316316	3.401
316.816816816817	3.363133
317.317317317317	3.370167
317.817817817818	3.399367
318.318318318318	3.352867
318.818818818819	3.3266
319.319319319319	3.455433
319.81981981982	3.388167
320.32032032032	3.462
320.820820820821	3.530467
321.321321321321	3.477533
321.821821821822	3.387967
322.322322322322	3.464633
322.822822822823	3.502967
323.323323323323	3.4026
323.823823823824	3.399733
324.324324324324	3.379933
324.824824824825	3.5054
325.325325325325	3.383933
325.825825825826	3.441367
326.326326326326	3.417267
326.826826826827	3.360333
327.327327327327	3.404767
327.827827827828	3.4591
328.328328328328	3.4004
328.828828828829	3.359667
329.329329329329	3.4642
329.82982982983	3.4475
330.33033033033	3.370133
330.830830830831	3.378133
331.331331331331	3.438833
331.831831831832	3.466567
332.332332332332	3.509733
332.832832832833	3.467967
333.333333333333	3.397167
333.833833833834	3.3439
334.334334334334	3.441367
334.834834834835	3.3344
335.335335335335	3.524267
335.835835835836	3.4317
336.336336336336	3.595933
336.836836836837	3.505867
337.337337337337	3.364767
337.837837837838	3.4876
338.338338338338	3.4496
338.838838838839	3.399267
339.339339339339	3.335767
339.83983983984	3.458133
340.34034034034	3.325033
340.840840840841	3.481467
341.341341341341	3.6567
341.841841841842	3.540767
342.342342342342	3.685767
342.842842842843	3.578867
343.343343343343	3.376533
343.843843843844	3.552167
344.344344344344	3.733767
344.844844844845	3.517033
345.345345345345	3.5963
345.845845845846	3.604833
346.346346346346	3.687633
346.846846846847	3.468133
347.347347347347	3.6739
347.847847847848	3.548333
348.348348348348	3.5931
348.848848848849	3.6038
349.349349349349	3.6226
349.84984984985	3.512367
350.35035035035	3.51
350.850850850851	3.517967
351.351351351351	3.646333
351.851851851852	3.5959
352.352352352352	3.657567
352.852852852853	3.512033
353.353353353353	3.553533
353.853853853854	3.592367
354.354354354354	3.553367
354.854854854855	3.584167
355.355355355355	3.648333
355.855855855856	3.616333
356.356356356356	3.594333
356.856856856857	3.6747
357.357357357357	3.704867
357.857857857858	3.636067
358.358358358358	3.642167
358.858858858859	3.7015
359.359359359359	3.6557
359.85985985986	3.6569
360.36036036036	3.667667
360.860860860861	3.694767
361.361361361361	3.7223
361.861861861862	3.634467
362.362362362362	3.644633
362.862862862863	3.768167
363.363363363363	3.7161
363.863863863864	3.766233
364.364364364364	3.5283
364.864864864865	3.539733
365.365365365365	3.5259
365.865865865866	3.581067
366.366366366366	3.608267
366.866866866867	3.586067
367.367367367367	3.696133
367.867867867868	3.6822
368.368368368368	3.675367
368.868868868869	3.4725
369.369369369369	3.5005
369.86986986987	3.5175
370.37037037037	3.657
370.870870870871	3.736
371.371371371371	3.7268
371.871871871872	3.575033
372.372372372372	3.563933
372.872872872873	3.604533
373.373373373373	3.736767
373.873873873874	3.752267
374.374374374374	3.684933
374.874874874875	3.826067
375.375375375375	3.789233
375.875875875876	3.760533
376.376376376376	3.808533
376.876876876877	3.847867
377.377377377377	3.643833
377.877877877878	3.733433
378.378378378378	3.634367
378.878878878879	3.6119
379.379379379379	3.708233
379.87987987988	3.611767
380.38038038038	3.780133
380.880880880881	3.7602
381.381381381381	3.582433
381.881881881882	3.502967
382.382382382382	3.674033
382.882882882883	3.5748
383.383383383383	3.536967
383.883883883884	3.644467
384.384384384384	3.5495
384.884884884885	3.664733
385.385385385385	3.704033
385.885885885886	3.662167
386.386386386386	3.644033
386.886886886887	3.644667
387.387387387387	3.6851
387.887887887888	3.7665
388.388388388388	3.677933
388.888888888889	3.720567
389.389389389389	3.617033
389.88988988989	3.6389
390.39039039039	3.6136
390.890890890891	3.620633
391.391391391391	3.586833
391.891891891892	3.583667
392.392392392392	3.672167
392.892892892893	3.5596
393.393393393393	3.582767
393.893893893894	3.5897
394.394394394394	3.619533
394.894894894895	3.736267
395.395395395395	3.775367
395.895895895896	3.655033
396.396396396396	3.651233
396.896896896897	3.695833
397.397397397397	3.630467
397.897897897898	3.7492
398.398398398398	3.825
398.898898898899	3.664633
399.399399399399	3.611767
399.8998998999	3.650567
400.4004004004	3.6443
400.900900900901	3.550433
401.401401401401	3.562267
401.901901901902	3.699733
402.402402402402	3.7014
402.902902902903	3.5981
403.403403403403	3.6188
403.903903903904	3.5364
404.404404404404	3.595567
404.904904904905	3.6994
405.405405405405	3.6807
405.905905905906	3.689667
406.406406406406	3.6731
406.906906906907	3.5874
407.407407407407	3.5718
407.907907907908	3.593633
408.408408408408	3.5494
408.908908908909	3.6273
409.409409409409	3.718767
409.90990990991	3.565067
410.41041041041	3.5875
410.910910910911	3.699967
411.411411411411	3.5935
411.911911911912	3.5342
412.412412412412	3.7712
412.912912912913	3.519467
413.413413413413	3.771
413.913913913914	3.774267
414.414414414414	3.4871
414.914914914915	3.669033
415.415415415415	3.504433
415.915915915916	3.5816
416.416416416416	3.546467
416.916916916917	3.5443
417.417417417417	3.542633
417.917917917918	3.5642
418.418418418418	3.448167
418.918918918919	3.511533
419.419419419419	3.456933
419.91991991992	3.571067
420.42042042042	3.799267
420.920920920921	3.6427
421.421421421421	3.5276
421.921921921922	3.744167
422.422422422422	3.5904
422.922922922923	3.647333
423.423423423423	3.628
423.923923923924	3.548467
424.424424424424	3.594633
424.924924924925	3.6083
425.425425425425	3.6322
425.925925925926	3.505633
426.426426426426	3.530633
426.926926926927	3.5598
427.427427427427	3.561567
427.927927927928	3.622167
428.428428428428	3.673067
428.928928928929	3.652
429.429429429429	3.732767
429.92992992993	3.667
430.43043043043	3.595733
430.930930930931	3.6464
431.431431431431	3.786433
431.931931931932	3.623867
432.432432432432	3.5968
432.932932932933	3.708567
433.433433433433	3.639933
433.933933933934	3.6135
434.434434434434	3.595333
434.934934934935	3.577033
435.435435435435	3.5469
435.935935935936	3.638733
436.436436436436	3.5841
436.936936936937	3.784233
437.437437437437	3.662133
437.937937937938	3.683167
438.438438438438	3.732567
438.938938938939	3.733967
439.439439439439	3.7389
439.93993993994	3.711733
440.44044044044	3.716467
440.940940940941	3.700733
441.441441441441	3.9321
441.941941941942	3.8599
442.442442442442	3.846233
442.942942942943	3.685133
443.443443443443	3.7806
443.943943943944	3.78
444.444444444444	3.798167
444.944944944945	3.8199
445.445445445445	3.723167
445.945945945946	3.784467
446.446446446446	3.711
446.946946946947	3.779367
447.447447447448	3.783233
447.947947947948	3.900667
448.448448448448	3.870133
448.948948948949	3.887767
449.449449449449	3.818967
449.94994994995	3.7044
450.45045045045	3.922267
450.950950950951	3.927467
451.451451451452	3.9724
451.951951951952	3.852267
452.452452452452	3.795433
452.952952952953	3.8737
453.453453453453	3.8214
453.953953953954	3.8075
454.454454454454	3.766833
454.954954954955	3.904
455.455455455456	3.8142
455.955955955956	3.774533
456.456456456456	3.8703
456.956956956957	3.765667
457.457457457457	3.742933
457.957957957958	3.621633
458.458458458458	3.6984
458.958958958959	3.829367
459.45945945946	3.738333
459.95995995996	3.735
460.46046046046	3.833233
460.960960960961	3.6547
461.461461461461	3.7738
461.961961961962	3.798133
462.462462462462	3.6857
462.962962962963	3.805233
463.463463463464	3.9322
463.963963963964	3.779167
464.464464464464	3.6707
464.964964964965	3.837
465.465465465465	3.9155
465.965965965966	3.8284
466.466466466466	3.917333
466.966966966967	3.8438
467.467467467468	4.011233
467.967967967968	3.992933
468.468468468469	3.8511
468.968968968969	3.850567
469.469469469469	3.923033
469.96996996997	3.7977
470.47047047047	3.9086
470.970970970971	3.8633
471.471471471472	3.850833
471.971971971972	3.9589
472.472472472473	3.904167
472.972972972973	3.949
473.473473473473	3.847867
473.973973973974	3.870567
474.474474474474	3.778633
474.974974974975	3.8451
475.475475475476	3.8805
475.975975975976	3.9189
476.476476476477	3.864233
476.976976976977	3.8735
477.477477477477	3.968233
477.977977977978	3.7504
478.478478478478	3.8878
478.978978978979	3.842733
479.47947947948	3.990333
479.97997997998	3.862467
480.480480480481	3.818867
480.980980980981	3.914933
481.481481481481	4.026667
481.981981981982	4.019567
482.482482482483	3.947967
482.982982982983	3.911967
483.483483483484	3.9862
483.983983983984	3.858367
484.484484484485	3.843767
484.984984984985	3.857533
485.485485485485	3.912333
485.985985985986	3.923767
486.486486486487	3.9508
486.986986986987	3.895967
487.487487487488	3.915067
487.987987987988	3.839833
488.488488488489	3.8737
488.988988988989	3.925133
489.48948948949	3.842233
489.98998998999	3.992633
490.490490490491	3.974433
490.990990990991	3.949233
491.491491491492	3.997567
491.991991991992	3.958167
492.492492492493	4.0366
492.992992992993	3.860033
493.493493493494	3.906567
493.993993993994	3.8742
494.494494494495	3.891567
494.994994994995	3.955433
495.495495495496	3.932033
495.995995995996	3.8334
496.496496496497	3.9004
496.996996996997	3.8143
497.497497497498	3.904033
497.997997997998	3.969367
498.498498498499	3.870133
498.998998998999	3.872267
499.4994994995	3.9284
500	4.012333